5504719
20160252426
3698351
6972400
9816970
6650757
4435984
6494834
4089055
4918993
10160153
20180224370
8990026
20200126829
6321602
20070028694
4658649
10698427
4478538
20060032313
20070225875
20200072798
20200110005
10689970
20160161299
4806292
20050209811
20060137456
5602757
4488240
20180045544
4004456
10656078
10258331
20050097961
5410405
10436759
20150082888
10724846
20190310161
5014547
4599563
4633715
6883376
4977516
20070279640
6378089
9200945
20190170696
10643405
20200080975
10041910
20060037386
20200110109
3633010
20200072794
20110054812
20030010128
10378951
6422079
20070127038
6026686
7421349
20050256676
20160253850
20060173266
20060042387
20120089345
5646728
20110295557
20050132812
20200143608
20180146856
5412985
7170781
20070118333
5022267
4768380
6874366
10481262
3645129
5419198
10697940
20150143912
20170328751
20010046052
9689777
4892406
3905224
10724994
20040015251
20040065160
20200080916
4472971
10724995
4665393
20130282335
6684701
3106837
20040199348
4218923
4769594
7353709
5515727
3201776
20040192450
20030061034
D878944
5038616
20090071253
20080083279
4991439
5636181
20050060111
4827771
20060254356
20150000402
20090204359
4018083
20090070048
4834111
7389701
20080004861
20050004463
6588279
6507790
20030075677
6526831
20170321502
20190162704
20060144123
4574633
4423635
5623095
7152476
20040021873
5736645
5804726
20040174770
20160246000
20050149277
10161910
3776027
9038467
20040112136
20040182183
6024324
7984656
3757565
10598544
10655607
3603140
6539805
10663437
6945114
20070261492
20020035437
20100269592
6463785
20180328713
5724138
20040230363
6339960
20130006551
20040090686
20060144131
6862920
20040187581
4344326
20180283988
3968382
6593749
20020093881
5258923
20170254781
20040193376
6411921
20200166432
20080183403
20170322183
5488857
20180320505
20040107773
4335612
20200088688
6240051
7684951
20020183948
6727725
6662669
6360609
6672162
7578200
10203267
8277278
20050066733
10203266
20200217822
20100082272
8984944
6957581
7180605
3899919
20200072036
10677765
4763508
20200158695
20100071469
10629054
9989439
5875420
9435698
20020134144
10132723
10480843
3987338
3894429
5571967
6446497
6208944
20050099634
20060265144
6104670
20060178581
8995230
5414510
20120330578
10690634
20050237533
20070151340
6351714
20180119244
20040143397
10267773
4123944
20190051323
4334777
6332362
7394395
5528557
4640134
5239864
5440300
20050023434
8798940
5350040
20060081049
20120091829
10605721
6523422
6629058
20180329206
5305239
20150015515
4270388
7809219
10495681
20180329046
6809991
6499349
3774443
20200232950
7059191
6216539
4435770
6078874
4499769
20110205532
4979394
9829412
4901575
10613060
9784635
4876721
20190360611
4123166
6289724
6993439
7391508
6732575
5995910
4448062
9753014
5426978
20200124707
20190041258
20070139165
5283430
6671638
4510812
4231258
7079979
10634650
20090213385
7089154
7302830
5501105
5996415
20170299427
6753499
9816896
20180164383
20040034482
10262516
6317506
3979670
10604896
20190049412
6026348
1082014
20060257286
6651012
10670567
10330567
6114965
9255835
20110084671
8436512
20080199828
20040074299
5821424
20050174844
9791414
20020169569
4528852
6323943
20040013222
20200150094
20050284225
4530246
20200097686
20070198219
7265662
7387010
5574646
4672850
4164036
5557969
20200064226
6957700
4419897
20080028838
20050000289
20110186353
6236049
5249163
6898117
5285688
5796504
9778227
10670704
6644122
8355879
5479826
9791508
8009507
10133257
6874364
6894484
6752018
20080065354
3854325
10620090
20070277610
4885707
8355881
20020111718
6954146
8160406
20180112601
20050247132
20200132227
20070256491
4924449
5825657
20200088686
6898975
4577487
6418547
20200066134
9435684
20050102116
20030066352
20140207080
6360607
5353627
20150065364
6693848
6801877
5965819
9784601
20070051178
9791416
5600073
20110067497
5852793
6389888
5696324
7813906
7185546
20200132568
20020058871
20080243441
5710715
20040054474
10624612
5900935
4148222
20100064814
6275591
20040099799
20130297257
10732280
10612368
20170297910
4107981
4426641
8260194
20090195204
H2112
20080148820
4922754
20180283847
10309887
20040147841
7097351
10634554
5175713
9358636
6276210
10481133
5679899
20030037616
20060225489
6657732
5933389
4413507
20070282545
20180038901
5616916
20190170704
4611343
20020196989
7430483
4222394
20200225027
20150253292
20040034818
5520052
20080033669
3105381
6915217
4896533
7337672
20140114612
9487369
6945094
20200096481
20030072219
8437968
20060110086
3781698
20080121290
20200103312
6759659
20130107276
7040139
4493042
5263372
5381692
20150254484
20070060817
20080183429
6119510
3890829
20050016279
20190159701
20180114380
4237454
20140211207
20030216875
5286313
6694285
6320665
3800906
20130276542
5997360
4825698
20050011263
7259864
4277977
20020139191
20200146656
20200068318
10656051
D889291
6456945
3934153
5191796
20050150275
8797828
20070119254
4122432
7289919
20120090394
20080215292
3208268
20110072902
20060167659
3712130
20030150281
3786348
20200064228
4607529
20050279169
20120067111
20050034540
8155326
10437218
20090076752
20190195740
10436570
5131748
4238725
5714687
5509310
7322245
3608715
9891382
20150153313
5115672
5321636
20190162705
10129658
5831168
7114392
4028935
4501149
20060255923
9255914
10712235
7283948
10619284
4345475
10481037
20060150737
4850225
7055388
7286241
20050172720
4604896
20200182967
20150137827
6098022
3677072
6904371
7168324
4302977
3952583
4018087
7043989
20190195835
4854172
6223602
20080022772
6435902
5591913
20040149038
3592967
4119173
20080060412
20060021435
7036377
20090070050
6490047
6486678
9366564
5691904
6422077
7043376
20160153835
9739685
5990801
4531411
10697855
5289434
20160152255
20060171806
4953147
6736002
5033305
20200132632
7814799
5244287
20030200014
4049644
5121339
20030094567
5748508
20200093973
6202491
4367650
7278315
7327448
5625150
10209292
5027331
3683681
20070152054
4494408
4232558
4137780
6847917
5495767
20200151239
20150013407
5159836
6112595
4491013
20030033882
5696737
5671154
6714306
3935484
20170248552
20200230814
5463593
20050055125
20040128072
6012334
20070095142
10436672
7240556
20080010039
20160157828
10697823
20060171625
4972720
3857091
20050092088
20010001136
20010029785
20070019506
4275963
5623421
20080087088
5827971
4659224
6498853
20190107461
4782701
20120227504
20080047396
20040003663
20070156049
7010980
20150008326
4530240
20200173886
7426879
10571881
4283952
6581014
6668655
4524620
5315364
20060000276
20180154182
20140203945
20170176321
20080198386
5913260
20050049807
7201035
10634647
7134343
6304176
4646273
6006164
20070167778
5415046
20040211245
5041989
20090078051
7054789
8561468
6415189
20030010102
5424486
7397697
20060209632
6708128
7503216
20050021250
9752969
5602800
6584847
20200191752
4380172
6967586
6711523
20060215174
20200129936
20030212511
6865949
20110203378
6587207
6226228
9689738
20040244491
20170328868
20200249073
9945758
20030200809
10041531
5635643
4669315
20030159498
10200089
4541278
7395714
4570487
10330523
5608166
5347496
7044004
4021688
20040083813
20200066065
10309935
20070035438
10585154
20200225064
9488620
10627372
9488621
7038780
7369250
8342027
6681634
6370964
9955274
6707762
20150253291
5492014
4135244
20010037685
6526829
4353244
20190250069
6925879
6714880
20070039359
20050109110
7374296
6170148
5591914
20050261876
4024522
20050181087
4503325
20130013229
20050225773
20040090866
20040252586
20080083280
6416020
20170329006
10329902
20060048581
3719076
20200132527
7293463
20050096873
4566135
20020077239
20120325002
4757717
8981300
5703295
10718686
6131452
3998092
20050149290
6672681
20200096485
4991442
20200211357
6695483
5852243
20020043106
6964694
20060000281
6053047
20180328892
20130008254
20080034854
6233530
20060229837
5712562
4013905
20200225639
20190360972
10161909
10302530
6693548
20020189358
5717611
20030196492
6931932
6826982
7129468
20040261530
10203242
10379133
20050044927
4989159
6388739
5164669
20010042409
10620170
6012333
6298308
7066027
6412131
6613169
20110185814
5821425
7912659
6115127
3971249
5661659
3938394
4343186
20150160101
20200209197
10277989
7054748
20070041870
20090063083
10706976
9194730
20040213319
8576660
7140252
6457359
5629485
20090082982
4975855
6711952
20030074145
6910367
10718723
3476483
5684718
20060101914
3709030
5992237
10481046
20020140566
3277695
4766647
6675640
20080225274
7822580
10590796
6701286
6006163
20070131033
20050022580
20050071128
20200232948
4538463
7075424
6257078
4123167
5533383
5902240
7013706
20160261964
3762215
20070074587
20170329130
20170293862
5808743
20080056724
20080034870
20180045687
3641550
7204161
20080059117
20170284858
20020144553
20200209052
20050097943
4768381
5022266
4167879
6857553
6408679
4017810
7086278
6355986
6227054
4278881
10591350
5942687
20090064770
6640631
5974881
20180321194
20160047715
5608690
20090216397
5659136
10048230
10046229
20030061868
6311549
6427536
20190104715
20180288546
6546814
4685475
20020032544
20040093191
6378373
7270005
4487068
20030065482
20040025593
6840114
20020153805
6581466
4471475
6729186
7677090
8996335
6700666
9255913
20200088690
6587798
20030183011
5877408
6234021
20030030564
20200232881
6937941
7123364
6311557
20190360893
3916699
9435819
7689373
6501356
10330646
4299128
3836950
10082520
6629463
20150260689
6125704
5798457
20090071224
20020162396
20170248493
6192739
5563337
5576496
20020186039
10330647
20020158728
7277642
10386339
6332116
5417114
20020188411
20050092092
6075603
20150143909
20150143908
6750776
20200166480
20110295556
6382027
6598478
20060056585
20080054762
7191073
20050155429
7213461
20170336364
6875978
6009764
20110301882
10658996
9038468
RE27218
20060052971
3996791
7107849
20180372536
20020023496
4576048
20020046607
20200200215
5652390
20070080681
5633462
5619616
20200060931
20200063668
7050535
9823308
7241053
7099782
20080239877
5686669
5293555
6959601
6247366
20200116553
20110087434
20080079598
3919883
20060100828
4046220
20020066318
20010025202
5404224
5473942
6777245
6802221
4522068
7370537
3776026
8797549
20030088346
20200132636
20120231570
10127678
6615143
6084672
5156822
20070251221
10677641
6898551
6684707
3545262
20150059442
5728938
5987967
4614117
6278958
20180264526
9816485
6498992
6892152
7129827
20140114188
20170254697
20040060356
6747268
20110060564
4938597
20020009103
10260376
7136769
20070272023
20120222485
6591226
4448494
10160061
10385853
6768312
10607626
10612970
4399548
5140858
6151246
20070247613
20100082158
3355934
20070107519
20010047691
20040110449
20200166482
20050016280
3973259
3861199
4302813
20160157034
5445028
9989501
20020165676
20190172323
10571435
6993972
6923064
5537875
5856722
6719707
20040128109
6826496
9777591
6298725
20170052148
6467331
6526356
5010769
20080216564
20050092090
4748850
20050114044
20200124572
20110286005
20050225319
3859847
6714135
6311559
20050027769
20060144148
6195621
20020097040
5109362
3731526
6301572
20020164099
5070733
20090078049
4332161
D731339
4213183
7270007
20020186380
4412445
20200191754
4276782
7174786
6697746
10386337
20120221153
3754472
20170284201
5636179
20040007070
4634966
8568099
20180156756
6382029
20040244489
4080823
5909449
6766692
6973830
5483833
10718742
20040065152
20120330569
9687897
10083501
4998225
20180364132
4554836
20050049801
20150331009
4430896
4382384
20130115050
20010015809
6823736
6962082
4844585
5191795
6628408
20010043378
20030167140
5078013
20200149881
2917918
20030182089
20180224266
5339289
4831880
20020062194
4953573
20200209078
20170322184
20050060123
5176032
20130291642
20080156123
20030218673
10712318
10605782
10605783
20070234780
20040045357
20060053886
20030115962
6301539
9950715
7136794
4931949
6170334
20020129647
3879988
20080167833
5309378
20050212869
20090079821
6014896
6399948
6276536
3095730
20180266876
20080210010
4213346
7341428
20040030419
6128092
10677685
4592034
4655086
20040200283
4609994
10082443
6593574
20170059448
20180149017
10620169
20150000404
20200149993
4905519
20050215902
9207216
7014368
6386038
6750621
20030140683
20190058428
9989499
20200240889
6978656
20030130810
7369964
3588695
5253531
7395167
7930111
6628567
20080173077
4063450
4134303
4507705
20050210985
6876715
6170326
6998618
3992666
20040199368
5740128
7231303
4155065
6399939
8151643
20070005270
7398186
20200227020
4064735
20090188320
4125025
10627795
4201092
7275421
5581037
6276208
20010049962
6997035
20040004106
4811605
5142916
20060012775
20030040878
20060000283
20050011265
20200149585
20200225117
10585069
4751382
20190195995
20180328890
20200116586
20190195680
20050024195
6356846
6587213
6889560
20080135762
7284433
20050288881
5450752
5517183
7010979
4046477
9689844
10641753
10156473
20050063452
20190250067
10663372
4083255
10724999
10732152
3611277
20070158586
6792324
8270250
3252001
20190041296
10674297
20150153219
4562736
5641905
6529838
20030084726
5275050
10259572
3394581
20020026610
6679119
4297885
9778139
7137299
20070274152
10381410
4817016
20030212499
6408696
20020147556
20070061088
5616872
5517858
20080002832
7290450
10564031
6763312
20040035218
20200225078
20200158561
8011227
20050041898
20060048583
20060066875
20020100326
6271924
2844741
4393711
20110193715
10590943
7681454
6116089
6026681
20050240106
5679900
20190368904
1154386
20060288788
5415045
5736970
20180266999
20030084734
20080027659
20080074674
5148405
6768949
6511430
4464935
10598568
3746028
6662118
20150015405
7318350
20030074159
20050114081
4276780
7114375
4854171
5929315
3899921
6035715
20020108444
20190168247
5387792
4777605
4018084
20080229907
6698276
4751657
6739195
6634233
9046458
20010016799
20060221877
7987718
20020159071
20170176396
4809554
20070185664
4129041
5872314
20070234809
4979952
20080037920
20060123911
6236950
20070260656
20050196090
20150255421
6979292
5115671
4932003
20170322306
20150260587
6415666
20030140701
5495764
6629449
20060070462
20080127793
6476541
10684259
20080091361
10564071
6160255
20190170702
20160320346
20070234805
3618367
20060162455
5883715
20150345611
10605789
20100070226
3454766
9255833
5394233
20030188579
6259372
20190368920
6822929
7054005
6046602
20050160819
6175411
20020000126
20020152813
20180278407
20080059119
7079959
4307340
4325259
3332277
4481819
10197537
10712237
10481034
20040034483
5351388
10712236
20070113654
10648948
4601580
20040083814
20200232867
20050237181
20190049413
20050172697
10718689
6980910
6873752
10254901
5390544
9990089
7331233
20030056595
5229832
7024315
9817118
5445026
6512859
5675071
6094989
7924020
9200980
7302852
6594290
9995674
10254253
6378374
6471407
5633468
5001933
6393902
8930042
4843597
20090193900
9051897
5897494
20050234319
2959956
9823112
4808817
6474166
5224835
8707785
7817050
9989498
5348002
10724918
20150087983
6016993
6857317
20030159515
5369997
20200064227
20160047716
20180372689
20190107816
6965834
5515300
6668220
3908444
5456113
5610339
20110066390
10641649
4376389
20150091597
5852233
5010503
10564197
20190360975
5132941
5987990
6027448
6487915
10648949
20130008253
RE31248
5943555
6324487
20050217646
20130104659
6389887
4509815
20060064259
6988411
5255566
9052230
3204513
4282756
4764760
5596496
20040035190
20200240958
6924895
20030018439
20020111774
20160258906
10311659
2455389
9201046
6360608
20050185191
4648274
20040083009
20030091253
6970251
5602761
6122223
6796195
20070242758
7337075
4563931
20110218743
5065630
20170059392
20090062778
20110179882
4262538
6691002
20150081230
20110290025
20180045688
5932806
7328130
20110290024
9000773
6898976
4476727
20080148593
20060101913
5180600
20200124499
4550604
20190360860
6684700
6271761
20070277613
20030079526
7405814
5698788
7024323
20180108187
8154417
20040255679
20040100282
20060174707
5272923
20070006651
20110194376
10041532
5163334
9995761
6959688
6545762
10586319
10598635
9891136
4353255
20110079084
7383732
10598634
6628570
7254943
6845671
8151644
6941231
20070093976
20040182159
4790191
10379000
10379001
20200182831
20090078052
20080177485
10718659
6134006
20030000291
4208914
6301514
7191105
20050183504
20190310364
6655213
3733953
5895857
7418866
5902935
5602337
20060058981
5714691
5430663
4086817
20070174022
20070273792
20070289385
20060254357
5535131
6307776
20200191751
20170253903
7821950
20150068296
7313484
4181024
20080141756
6339961
20090091441
6542857
7428475
6366862
4064704
3331252
6957365
5777228
20050182613
7107850
4271696
9482573
6694816
20020040278
10161785
6008887
20160163176
7503219
20060232403
9816965
20070227251
6542245
20030212500
3023604
4800512
20200191643
4335600
20010001135
20160320351
20110041616
20140204976
20180335366
20030021149
20070093985
5684592
20030127172
6597997
8073640
9131877
9261399
4381676
20180038414
20200072799
4011472
20150160093
5648610
5756898
6080982
5811683
20060139653
9784718
20200116554
7984642
4162635
20190115944
20060150738
7278294
6240783
20070028695
20050177333
4016752
5633960
6044332
6236328
20010032514
20120240682
20110220626
20080033695
6449564
4428236
7286942
6386040
20010008993
20050004458
6029930
7034711
20070081165
5948160
5893892
1949603
6728658
10203306
4490964
6890302
20060145881
20170292904
10080091
20150143913
20170322071
3845660
20060135907
4771182
4277978
20010001172
4459851
6287010
5248857
20060219012
20040006409
20170285063
20080234983
10578552
20140114537
6644119
20190195836
20080156100
5473315
20180361195
20110090508
20190170697
20200064128
7261693
5001931
20040216525
6331823
20200072795
3733134
20190162651
6745632
10725439
20040153268
20040003662
4685335
5101162
20100268491
6412354
20070056372
20070046479
6923063
20180364139
3260992
5805753
4290308
6437334
20160320353
20040050163
20020046006
20050092089
20020083779
7581445
20150346163
20160249849
5907098
20160242660
6701258
20020133094
20180038835
6591682
4295473
20150260609
20180332368
6330515
20070032968
20060161398
7320257
6439053
20020121602
20070019182
3984802
6505130
20030033883
6421620
7089796
20020138217
6648516
6222795
3813166
20050241398
7354141
20060146314
20100250150
20200110041
10478887
4968144
7509862
20170285626
20070071057
20070204671
3824377
10495610
7093492
7032436
20090071256
20140107945
10481572
4272992
20140114587
20200191753
4136568
7689385
20090078050
20200088162
4492917
3597597
20170241830
20170241831
20150013466
6513386
7505852
20180372688
5955669
6668654
7191656
20060137471
6275781
6453729
4379633
6076405
20070035835
20190195834
4944191
20060027015
4966459
6263738
6804873
20180149622
4512661
20040069053
4252023
5710723
8146433
4310892
4433582
5351522
5070722
4821558
6092029
20200208535
5814728
20060055937
6772633
20060021438
20170176393
6883375
5616845
4763523
9482566
5474813
20180115226
6285514
20170059532
9581141
7117744
4409842
6633822
10495508
20080195333
20080125992
20200088605
20200132742
8065916
5532538
6205859
5808903
10578517
4007630
3666344
20200080915
20150059481
4425798
3758758
10161919
10330504
20160242743
20040099059
20200150298
20050171710
20140109679
6926445
20140204700
6286374
10088347
6499002
20170323131
7113876
4140021
20030009300
6202490
20020059831
20180113098
5837882
5502650
20160327522
20190195733
4584879
20160327523
6869006
7263876
20130111915
10495449
5140849
9255837
5751899
10712317
5955670
20050210982
6449566
20070213615
4649743
4866614
20060207413
20110291850
20190195832
20130006540
4619529
5599111
20190195833
7242481
20060262319
10564303
4352293
6122225
5319357
5513533
7819022
20060260384
20050177352
20050052724
20050199065
20150260691
20200248384
20020010399
20060288783
7987725
6144923
20030149553
7010981
6289735
4417478
20060236762
20050284226
9823348
7902487
20100269574
5477735
20140113277
20080043243
20060262104
6199423
6990419
20100061183
4668941
5341683
7035776
10591349
10715941
20150338380
20150066398
5497233
4090400
20090084187
10309893
3686956
20030035344
20060064210
20070019839
4004464
20080164871
7171313
6145381
9791422
20200064225
5485752
20200173773
20050075805
9192957
20030029241
5270950
20170322118
6928370
20060184068
4188830
3842663
20070100623
6317237
5052215
20050027206
20150016223
7111492
5798459
20030060920
20050274197
6635007
20030089183
20070109540
20070113656
6507804
5623307
7008114
20060156821
10724996
20060201252
6062083
6938465
3335613
20060016264
9032803
4009463
9995621
10613057
5540079
9581571
5597965
4453407
3702737
9581570
4662225
20200224352
20200131987
20070180892
9791515
6983207
6984993
20010030466
20120073364
20030172734
6481289
20060224367
6132005
20080134790
5854994
20030045976
6751281
20040249611
5675075
20200089164
20030182071
20200150304
20190159724
20050119840
7383730
4824240
6257063
7914451
10591444
20050077463
7124637
20200226480
7187773
20200088687
5083462
6370957
6804992
20120072130
20200217833
6481268
10711917
5457994
4292847
20200173842
20130006624
6975948
6128081
4979124
6254703
20170178421
3316756
20190120719
7373823
10132715
10161912
20020194915
9200979
20200166431
6295677
20020134159
6253615
20060063473
4956999
10697875
10436756
9991176
4788866
8151646
3554012
6801864
6553809
20170176398
20020038187
10156472
4872337
6364849
7205695
20030172738
20190170698
4086808
20010045416
6005827
6549488
20200114365
6615709
20050066730
20070175283
20200217821
20040231429
6629049
7578203
5461921
20080053231
9747540
5257531
20180043473
6027239
20190369057
10677761
3808557
6775642
4366544
9267878
20050210986
6748815
20080059086
6725723
6158286
6807325
3533296
10634646
20020052714
4729239
5150618
20050232523
20040047640
9194782
20070028693
5379641
20180154377
20030028332
6131270
5520061
20180329205
20090198455
6782752
5677488
5471880
20120073382
20120245860
20040060345
7317659
7260482
3308647
10732150
4893286
20180224369
10714209
4628255
5266929
20190168373
3139748
20040167734
6590661
20100268082
5970434
6832521
20160327589
6679120
4086816
6176136
5335062
6354147
20110213574
4990791
20150082887
6000288
4546458
20020180452
3783680
9036011
20180321112
7039530
20100268083
20200070295
4790190
4303882
20040212516
6443010
20090176265
3713127
20120085172
20070240487
6560552
20150253219
20040255680
7116426
6789025
4777825
6386037
2853569
6347285
20060101897
3924452
4910718
7200519
20190195710
6212935
8794070
7362033
7032432
7116095
5854993
6549869
3965726
20030030565
6234020
20200232880
20100072845
7248985
8935041
3946256
5646350
6507789
20030085812
7395711
3181350
10261054
20060080048
4959638
6293151
5792956
20040245884
4872348
20050232082
20040079158
9194842
4732045
7027953
20200209053
4294513
20080216575
5922963
5435185
8266951
4713968
20200109784
8266950
6763698
10479674
20060212755
5765119
20200096418
5687391
5072611
5554810
20180364140
5805457
7270016
7373260
10495546
7423424
10088292
20020162389
20180264614
20060055399
4428237
7213460
6554921
20190120717
7162913
20070056376
20170336365
20040036621
5317383
20070189546
20180372818
5434668
7045768
20190114849
10697939
20070227249
7330792
4995257
7228740
5014556
20060272420
3474253
6266994
6907799
20030089174
6092419
20190162611
5838439
6155121
6769307
7181972
20110301872
7908925
20020112540
6392584
7040169
20030185100
6041656
5431049
6360610
20170299533
20120330577
5115681
20030015038
5828331
6453273
3705516
4984173
4428235
6578165
10571365
20050193821
20080071500
6880403
4481825
4679435
3991607
5335548
20100077864
20070043533
20200217753
5741980
20070062254
20150006091
20070104004
4996880
6161962
6969849
6457346
20140202937
5386727
8984943
20160327419
6675653
20180364197
20020029116
6173613
3564572
4895025
6477472
20060123900
5203823
9032798
3159024
10697809
10648952
20190041365
6065342
20200182684
20110062339
20200072660
5402233
20200158692
20190117188
6873918
20040064291
10684193
20200141909
20040261531
20200072040
4033179
20080133439
6424137
3782176
6489884
6712138
6182510
6792360
5086775
6499350
20110071776
7559240
20150012247
20050036724
20150128709
3979739
7184930
10330659
7984649
3988671
6351713
4481818
10712264
6087960
10386171
6782324
20020152802
20040067005
4485678
20010037180
20080234964
9739706
20050022581
3930405
5663502
7401000
5445027
20020190723
20040236525
8981961
20020024331
20070166049
4437163
20030048082
6178386
20040090867
5043706
20080223135
7181981
7246516
6484109
20030019285
20040236221
5115778
20100082164
7430039
20160161326
7365530
20200158562
20040252587
4605924
3986391
20070163351
5729074
6751560
20120072136
4214485
4498335
6810341
8258430
5818224
6655215
4843885
6523413
6668234
7095963
6907774
5511426
20180043492
5438882
20170052150
6553837
7095676
20100280826
7050174
20050140357
20070061095
6336366
20180149516
5210704
3888114
4949580
9778228
6243671
20040153293
7027353
4759067
6694799
20060283255
5477730
7131332
4683542
6087652
20200156774
10161908
9989500
9255578
20020054716
7020565
4143350
5934610
10132781
20180364198
9207215
7899645
7430912
20040035209
20060288787
6014899
7987721
6996030
20200103887
20040243332
H536
3070995
20180266996
20040243351
10620164
10605780
6250159
20070084284
10161915
7054761
20040150832
6134966
6799126
20030126928
20030084725
6161434
6173074
6754569
10695783
20030043696
6014652
10260935
20050257618
20130292555
20050011278
20140202247
4922421
6122222
20050204820
5423218
20150007660
6043917
7069154
20160047717
7040167
20110215750
6009046
7080555
20070006636
4730484
20200240833
6044700
20080231343
20070060721
5511422
5390248
20090199640
6108273
3842353
20150059478
4388832
6257065
6684704
20030016843
20050217380
5365787
7168323
4833453
20020005780
20150022132
4036057
20040122604
9945701
6698277
6250161
7066028
20050204818
20080144041
20040016284
10495693
20180164258
20030189712
10650859
20040200263
5515730
5761956
20200141907
4640121
20130104661
20170299426
6672167
6343510
5618993
6026688
4014237
6116080
20040177693
20050227186
20070143039
4478082
4213114
4027539
8072609
20150088435
7343793
10732429
6789035
20030106375
20050083535
20050210965
9482647
6972846
4081216
3262515
9360550
20060206274
20200072814
5734108
8269979
4294120
20060265153
20010055529
20050125183
20160152250
6813927
6381547
10598563
20160161451
20160169278
6415667
20060020402
20200175883
20080148839
3745815
20190365233
6370482
6705168
20090208163
6181431
10048114
20070253560
4335642
6710799
20020167676
5828997
8276464
5333240
20020167776
20090093896
20030212498
10602931
20110218744
7193720
5576480
4535629
20190250066
7124044
6164136
10481104
4188096
5257530
5353262
20190360971
20060196271
7167814
20040005938
6556941
20200200627
4020678
6655205
20190120078
5990645
7165456
5080491
20020013635
4665494
20080151694
4207771
5845230
20190195681
20030205671
20050193819
3449944
10497355
20050279170
6523411
8350877
6560566
20050262927
4150568
4121470
20020043109
20070133351
20010052258
20160245686
7377170
10488368
5448902
4549437
4322976
20180266998
4979125
4689993
4787248
7324919
6678211
20030128366
7928833
20190048854
7225062
10264378
5109700
20020100327
7062971
D884526
4671114
20170059530
20190310130
4448077
9366611
7564567
4723448
5996230
20020189361
10564129
20200200648
7204129
20080004527
20030163269
6779402
5144840
6279379
7190635
7360462
7114395
5663504
3733892
20030136192
7318007
20090205425
6906806
20160250997
7571633
20040129080
20030070474
20050031246
5298889
6109111
5379270
8154734
20040138832
10718398
7690258
7260492
5533400
20040045356
4635210
7246522
20080006473
5631877
6170335
6101866
7998091
10594874
6739194
6918302
20200080970
20080007715
20140202248
20110061466
6199018
20040031386
6470753
10383998
3911734
20030167141
4089224
20090208996
10695584
20020082786
20180277330
6016994
20060028651
4468965
20150260640
20080189665
6401540
6189384
20050204534
7313965
4644335
7357031
20200133430
20080218757
3457463
20060061225
5571969
10495564
5070483
7500379
20190310164
20050051713
6018386
20130280106
5392381
20080201088
6619849
7343804
5969252
6685645
6128959
20050087019
10564070
20040154413
20030048962
4452074
3699806
20030130811
5691707
7251196
9482574
20050225318
6122966
4185503
5907491
6247353
7281429
20180165897
10634648
D868602
20040199341
20150338379
20030193668
10330645
6501355
5526689
4928521
5790617
6467353
9439267
4884449
20200132052
20160320219
20200191647
20200129939
6192759
7238157
10695035
20200129938
9778118
20040050165
6553839
10598091
20170241955
7683525
20070107518
20180038413
20030221488
20170241954
20180275044
6508128
5992238
4722226
7505858
6877368
20020032536
20200064624
20110179863
10661463
10705058
20140208850
4550603
10676096
20070247285
20020078753
3924456
4010637
4007631
20020083773
6640632
20190361117
4471659
20190193946
4457163
20020198690
7104133
20050246150
4144766
6613601
20180372690
8005649
6234022
20040050177
20160320347
20060213272
20180045684
20190057184
4088907
4700577
20080127734
20190353029
9255526
6999884
8256297
6802206
